  0.00086856  0.00173736  0.00260615  0.00347471  0.00434351  0.00521231  0.00608087  0.00694966  0.00781846  0.00868726
  0.60069442  0.20138884  0.80208325  0.40277791  0.00347233  0.60416675  0.20486116  0.80555582  0.40625024  0.00694466
  0.87219071  0.74438143  0.61657214  0.48876286  0.36095381  0.23314452  0.10533524  0.97752595  0.84971666  0.72190762
  0.91016459  0.82032919  0.73049378  0.64065838  0.55082321  0.46098781  0.37115240  0.28131700  0.19148159  0.10164642
  0.13716316  0.27432656  0.41148996  0.54865336  0.68581653  0.82297993  0.96014333  0.09730673  0.23447013  0.37163329
  0.30446959  0.60893917  0.91340899  0.21787858  0.52234840  0.82681799  0.13128757  0.43575740  0.74022698  0.04469681
  0.22195220  0.44390464  0.66585708  0.88780951  0.10976195  0.33171439  0.55366659  0.77561903  0.99757147  0.21952391
  0.35398340  0.70796704  0.06195068  0.41593409  0.76991773  0.12390137  0.47788477  0.83186841  0.18585205  0.53983569
  0.40190101  0.80380201  0.20570302  0.60760403  0.00950503  0.41140628  0.81330729  0.21520829  0.61710930  0.01901031
  0.75091124  0.50182271  0.25273418  0.00364566  0.75455713  0.50546861  0.25638008  0.00729156  0.75820303  0.50911427
 NOW calculating average of 100 random numbers
  0.45542989  0.51085989  0.46628993  0.42171991  0.37714996  0.43257999  0.38800993  0.44343998  0.49886999  0.25430002
